4294967294,67
4294967294,93
4294967294,95
4294967294,50
4294967294,437
4294967294,43
4294967294,51
4294967294,52
4294967294,470
4294967294,946
4294967294,26
4294967294,92
4294967294,88
4294967294,81
4294967294,973
4294967294,970
4294967294,82
4294967294,1414
4294967278,75
4294967278,68
4294967278,66
4294967278,65
4294967278,64
4294967279,72
4294967279,64
4294967279,58
4294967279,51
4294967279,44
4294967279,43
4294967279,38
4294967279,33
0,5
4294967294,7
4294967294,6
4294967293,131
4294967293,130
4294967293,129
4294967293,128
4294967293,127
4294967293,126
4294967293,125
4294967293,124
4294967293,123
4294967293,122
4294967293,121
4294967293,120
4294967293,119
4294967293,118
4294967293,117
4294967293,116
4294967293,115
4294967293,114
4294967293,113
4294967293,112
4294967293,111
4294967293,110
4294967293,109
4294967293,108
4294967293,107
4294967293,106
4294967293,105
4294967293,104
4294967293,103
4294967293,102
4294967293,101
4294967293,100
4294967293,99
4294967293,98
4294967293,97
4294967293,96
4294967293,95
4294967293,94
4294967293,93
4294967293,92
4294967293,91
4294967293,90
4294967293,89
4294967293,87
4294967293,86
4294967293,85
4294967293,84
4294967293,83
4294967293,82
4294967293,81
4294967293,80
4294967293,79
4294967293,78
4294967293,77
4294967293,76
4294967293,75
4294967293,74
4294967293,73
4294967293,72
4294967293,71
4294967293,70
4294967293,69
4294967293,68
4294967293,67
4294967293,66
4294967293,65
4294967293,64
4294967293,63
4294967293,62
4294967293,61
4294967293,60
4294967293,59
4294967293,58
4294967293,57
4294967293,56
4294967293,55
4294967293,54
4294967293,53
4294967293,52
4294967293,51
4294967293,50
4294967293,49
4294967293,48
4294967293,47
4294967293,46
4294967293,45
4294967293,44
4294967293,43
4294967293,42
4294967293,41
4294967293,40
4294967293,39
4294967293,38
4294967293,37
4294967293,36
4294967293,35
4294967293,34
4294967293,33
4294967293,32
4294967293,31
4294967293,30
4294967293,29
4294967293,28
4294967293,27
4294967293,26
4294967293,25
4294967293,24
4294967293,23
4294967293,22
4294967293,21
4294967293,20
4294967293,19
4294967293,18
4294967293,17
4294967293,16
4294967293,15
4294967293,14
4294967293,13
4294967293,12
4294967293,11
4294967293,10
4294967293,9
4294967293,8
4294967293,7
4294967293,6
4294967293,5
4294967293,4
4294967293,3
4294967278,215
4294967279,174
4294967279,105
4294967279,103
4294967279,95
4294967279,89
4294967279,86
4294967279,85
4294967279,350
4294967278,228
4294967279,102
4294967279,100
4294967279,211
4294967278,331
4294967279,96
692,6
692,5
692,4
692,3
692,2
692,1
4294967279,91
4294967279,202
4294967279,87
689,6
689,5
689,4
689,3
689,2
689,1
4294967278,171
4294967278,166
686,6
686,5
686,4
686,3
686,2
686,1
4294967278,149
4294967278,329
4294967279,349
4294967278,328
4294967278,133
683,7
683,6
683,5
683,4
683,3
683,2
683,1
4294967278,397
4294967278,447
4294967278,446
4294967279,318
4294967279,345
4294967279,317
4294967279,544
4294967278,444
4294967279,249
4294967279,248
679,4
679,3
679,2
679,1
4294967279,241
678,4
678,3
678,2
678,1
4294967279,239
4294967279,237
4294967294,444
4294967294,416
4294967294,119
4294967279,236
4294967278,371
677,6
677,5
677,4
677,3
677,2
677,1
4294967278,440
676,5
676,4
676,3
676,2
676,1
4294967279,212
4294967294,1416
675,6
675,5
675,4
675,3
675,2
675,1
4294967279,203
674,6
674,5
674,4
674,3
674,2
674,1
4294967279,342
673,6
4294967294,461
4294967294,448
4294967279,346
673,5
673,4
673,3
673,2
673,1
4294967279,340
672,4
672,3
672,2
672,1
670,4
670,3
670,2
670,1
4294967279,526
4294967278,380
4294967278,405
4294967279,524
4294967279,104
4294967279,99
4294967279,94
4294967279,93
4294967279,90
4294967279,337
4294967278,287
669,6
669,5
4294967278,268
669,4
669,2
669,1
4294967279,336
4294967279,517
4294967278,428
666,6
666,5
666,4
666,3
666,2
666,1
4294967278,302
4294967294,418
663,6
663,5
663,4
663,3
663,2
663,1
4294967279,192
4294967278,191
660,7
660,6
660,5
660,4
660,2
660,1
4294967278,327
4294967278,163
656,4
656,3
656,2
656,1
655,4
655,3
655,2
655,1
654,6
4294967279,575
654,5
654,4
654,3
654,2
654,1
4294967278,136
4294967278,135
653,5
653,4
653,3
653,2
653,1
652,6
4294967278,283
652,5
4294967279,263
4294967278,267
652,4
652,3
652,2
652,1
651,6
651,5
651,4
651,3
651,2
651,1
650,6
4294967294,462
4294967294,169
4294967279,243
650,5
650,4
650,3
650,2
650,1
649,4
649,3
649,2
649,1
4294967279,331
647,4
647,3
647,2
647,1
4294967278,298
4294967278,174
4294967294,474
4294967279,166
4294967278,162
4294967278,154
646,6
646,5
646,4
646,2
646,1
4294967278,148
4294967279,145
4294967278,276
4294967278,288
4294967278,269
643,6
643,5
643,4
643,3
643,2
643,1
4294967279,519
4294967278,261
4294967279,312
4294967279,245
640,6
640,5
640,4
4294967279,247
640,3
640,2
640,1
637,7
637,6
637,5
637,4
637,2
637,1
4294967279,311
4294967278,363
4294967294,475
633,4
633,3
633,2
633,1
632,4
632,3
632,2
632,1
631,6
631,5
631,4
631,3
631,2
631,1
630,5
630,4
630,3
630,2
630,1
4294967294,118
629,6
4294967279,304
629,5
629,4
629,3
629,2
629,1
628,6
628,5
628,4
628,3
628,2
628,1
4294967279,537
627,6
627,5
627,4
627,3
627,2
627,1
4294967278,281
4294967278,265
626,4
626,3
626,2
626,1
4294967278,369
4294967294,449
4294967279,325
4294967279,322
4294967278,262
4294967279,254
4294967278,278
4294967279,253
4294967279,512
4294967279,319
624,4
4294967279,546
624,3
624,2
624,1
4294967279,545
4294967279,341
4294967279,320
4294967279,229
4294967279,227
4294967278,372
4294967278,416
4294967278,414
623,6
623,5
623,4
623,2
623,1
4294967278,422
4294967278,409
4294967279,246
4294967278,160
620,6
620,5
620,4
620,3
620,2
620,1
4294967294,191
4294967279,244
4294967279,242
617,6
617,5
617,4
617,3
617,2
617,1
4294967278,396
614,7
614,6
4294967279,250
614,5
614,4
614,2
614,1
4294967279,240
4294967279,233
4294967279,231
4294967278,373
4294967279,221
4294967279,219
4294967278,370
4294967279,356
4294967279,208
610,4
610,3
610,2
610,1
609,4
609,3
609,2
609,1
4294967279,370
608,6
4294967278,404
608,5
608,4
608,3
608,2
608,1
4294967279,302
607,5
607,4
607,3
607,2
607,1
606,6
4294967279,513
606,5
606,4
606,3
606,2
606,1
4294967279,234
605,6
605,5
605,4
605,3
605,2
605,1
4294967279,232
4294967278,375
604,6
604,5
604,4
604,3
604,2
604,1
603,4
603,3
603,2
603,1
601,4
601,3
601,2
601,1
4294967279,230
4294967279,365
4294967279,228
4294967279,226
4294967279,383
4294967279,329
4294967278,299
4294967294,966
4294967294,962
4294967294,960
4294967294,916
4294967294,915
4294967294,914
4294967294,912
4294967294,911
4294967294,910
4294967294,907
4294967294,905
4294967294,185
4294967294,182
4294967294,176
4294967294,170
4294967278,13
4294967278,12
4294967278,6
4294967278,4
4294967279,132
4294967279,127
4294967279,125
4294967279,123
4294967279,122
4294967279,120
4294967279,118
4294967279,117
4294967278,9
4294967279,128
4294967279,126
4294967279,121
4294967279,116
4294967279,112
4294967279,111
4294967279,110
4294967279,108
4294967279,107
4294967279,106
4294967279,101
4294967279,92
4294967279,222
4294967279,109
4294967279,98
4294967279,97
4294967279,207
4294967278,406
4294967279,206
4294967279,324
600,6
600,5
600,4
600,2
600,1
4294967279,224
4294967279,382
597,6
597,5
597,4
597,3
597,2
597,1
4294967279,220
4294967279,218
4294967278,402
4294967278,161
4294967279,328
4294967278,157
4294967278,156
4294967279,155
4294967278,155
594,6
594,5
594,4
4294967278,151
594,3
594,2
594,1
4294967279,347
4294967278,335
4294967278,225
591,7
591,6
591,5
591,4
591,2
591,1
4294967279,264
4294967279,216
4294967278,11
4294967278,359
4294967278,394
4294967279,131
4294967278,351
4294967279,115
587,4
587,3
587,2
587,1
586,4
586,3
586,2
586,1
4294967278,300
4294967279,316
585,6
4294967278,222
585,5
4294967279,217
585,4
585,3
585,2
585,1
4294967279,215
4294967279,309
4294967279,213
4294967279,371
584,5
584,4
4294967279,209
584,3
584,2
584,1
4294967279,205
583,6
4294967294,900
583,5
583,4
583,3
583,2
583,1
4294967279,294
582,6
4294967278,357
582,5
582,4
4294967279,191
582,3
582,2
582,1
581,6
581,5
581,4
581,3
581,2
581,1
580,4
580,3
580,2
580,1
4294967294,168
4294967294,189
578,4
578,3
578,2
